fragment_n_dets = [51, 51, 16]
total_dets = 118
brute_force_dets = 10095
ratio = 0.0117
savings_pct = 98.8%
fragment_energies = [-187.75020040863893, -219.71786393946374, -247.6589841523237]
regression_pass = True
